0.999999 -0.000852041 -0.000585716 -0.00163081 0.000852566 0.999999 0.000896613 -0.00725617 0.000584952 -0.000897112 0.999999 -0.00999194
0.999998 -0.00190704 0.000156428 -0.0121791 0.00190713 0.999998 -0.000586491 -0.00966424 -0.000155309 0.000586788 1 -0.00956593
0.999997 -0.000292051 -0.00226889 -0.0091667 0.000299427 0.999995 0.0032514 -0.0167081 0.00226793 -0.00325207 0.999992 -0.00497331
0.999997 -0.00103844 -0.00199803 -0.00196629 0.00104681 0.999991 0.00419006 -0.0239462 0.00199366 -0.00419214 0.999989 -0.0053107
1 -0.000855574 7.74867e-05 -0.00383621 0.000855244 0.999991 0.00415323 -0.0251595 -8.10394e-05 -0.00415316 0.999991 -0.00141086
1 -0.000555035 3.35446e-05 -0.00682923 0.000554924 0.999995 0.00320367 -0.017528 -3.53226e-05 -0.00320365 0.999995 0.00186221
1 -0.000208551 0.000794684 -0.012372 0.000206266 0.999996 0.00287496 -0.0137079 -0.00079528 -0.0028748 0.999996 0.00219695
1 -0.000132504 -0.000288018 -0.00951364 0.000133417 0.999995 0.00317176 -0.013691 0.000287596 -0.00317179 0.999995 0.000169609
1 -0.000664933 -0.000254083 -0.0101048 0.000665385 0.999998 0.00178185 -0.012051 0.000252898 -0.00178202 0.999998 0.00164345
0.999999 -0.0014795 0.000299813 -0.0158588 0.00147915 0.999998 0.00115791 -0.0163917 -0.000301526 -0.00115747 0.999999 0.0046221
0.999998 -0.00177062 -0.000142192 -0.0149406 0.00177074 0.999998 0.000878305 -0.0172288 0.000140637 -0.000878555 1 8.84115e-05
1 -0.000494381 0.000396239 -0.0167543 0.000493204 0.999995 0.00296568 -0.0152164 -0.000397703 -0.00296548 0.999996 -0.000248192
1 -0.000817634 0.000534979 -0.0148626 0.000816468 0.999997 0.00217528 -0.013777 -0.000536756 -0.00217484 0.999997 0.000444675
1 0.000174428 0.00029793 -0.0143075 -0.00017498 0.999998 0.00185302 -0.0088884 -0.000297606 -0.00185307 0.999998 -0.000668515
1 -0.000100444 0.000627004 -0.0130282 9.85574e-05 0.999995 0.00300748 -0.0165273 -0.000627303 -0.00300741 0.999995 -0.00131654
1 -0.000499101 0.00041557 -0.0151079 0.000498263 0.999998 0.00201401 -0.0142878 -0.000416574 -0.0020138 0.999998 0.00417602
1 0.000517476 0.000466257 -0.0124315 -0.000518931 0.999995 0.00312586 -0.0131545 -0.000464637 -0.0031261 0.999995 0.00173455
1 0.000222484 -7.77641e-05 -0.0101271 -0.000222244 0.999995 0.00306476 -0.0112963 7.84456e-05 -0.00306474 0.999995 0.001579
1 -0.000274163 0.00027458 -0.00966422 0.00027362 0.999998 0.00197665 -0.0113396 -0.000275121 -0.00197657 0.999998 0.00134314
1 -0.000558887 7.9723e-05 -0.0107602 0.000558753 0.999998 0.00167753 -0.00955906 -8.06604e-05 -0.00167749 0.999999 -0.000179577
1 -0.000624789 -0.000267683 -0.0100357 0.000625299 0.999998 0.00190988 -0.0127819 0.00026649 -0.00191005 0.999998 -0.00197838
0.999999 -0.00064746 -0.000980129 -0.0105113 0.000649303 0.999998 0.00188169 -0.0128007 0.000978908 -0.00188232 0.999998 -0.00199177
0.999999 0.00143429 -0.000554419 -0.00987101 -0.00143228 0.999992 0.00360638 -0.00635029 0.000559588 -0.00360558 0.999993 -0.00245645
0.999999 0.000951198 -0.000876716 -0.0116214 -0.000949145 0.999997 0.00233933 -0.00560082 0.000878939 -0.0023385 0.999997 -9.72299e-05
0.999999 0.00141235 -0.000202009 -0.0109663 -0.00141175 0.999995 0.00296104 -0.00550832 0.00020619 -0.00296075 0.999996 -0.00121909
0.999998 0.00204908 4.71695e-05 -0.0115941 -0.00204931 0.999982 0.00561272 -0.0121979 -3.56678e-05 -0.0056128 0.999984 -0.000455146
0.999999 0.00112142 0.000360646 -0.0112967 -0.00112262 0.999994 0.00336099 -0.0109202 -0.000356875 -0.0033614 0.999994 -0.00518475
0.999999 0.000634654 -0.00106061 -0.00881582 -0.000631551 0.999996 0.00292356 -0.010604 0.00106246 -0.00292289 0.999995 -0.00740699
0.999999 0.00042607 -0.0011681 -0.00605744 -0.000422293 0.999995 0.00323195 -0.0150558 0.00116947 -0.00323146 0.999994 -0.0100758
1 -0.000222757 -0.000458618 -0.00746066 0.000223642 0.999998 0.0019304 -0.0146561 0.000458187 -0.0019305 0.999998 -0.0100046
0.999998 -0.000194895 -0.00173456 -0.00405447 0.000197696 0.999999 0.00161509 -0.0113482 0.00173424 -0.00161543 0.999997 -0.0139354
0.999998 -8.35206e-05 -0.00184867 -0.00423018 8.57827e-05 0.999999 0.00122359 -0.00879925 0.00184857 -0.00122375 0.999998 -0.014444
0.999998 0.000406193 -0.0019641 -0.00183009 -0.000401956 0.999998 0.0021572 -0.00803385 0.00196497 -0.00215641 0.999996 -0.0167161
