# name: debug
# type: sparse matrix
# nnz: 9
# rows: 3
# columns: 3

1 1 -3.42188475e+74
2 1 4.25406757e+74
3 1 -3.79294099e-235
1 2 4.25406757e+74
2 2 -5.28863251e+74
3 2 4.71536257e-235
1 3 -3.79294099e-235
2 3 4.71536257e-235
3 3 4.66621942e-310
